{
 "cells": [
  {
   "cell_type": "markdown",
   "metadata": {},
   "source": [
    "# Ridge Regression"
   ]
  },
  {
   "cell_type": "markdown",
   "metadata": {},
   "source": [
    "### Libraries Imports "
   ]
  },
  {
   "cell_type": "code",
   "execution_count": 20,
   "metadata": {},
   "outputs": [],
   "source": [
    "import numpy as np \n",
    "from Preprocess import load_and_preprocess_ozone\n",
    "from sklearn.metrics import mean_squared_error, r2_score"
   ]
  },
  {
   "cell_type": "markdown",
   "metadata": {},
   "source": [
    "### Ridge Regression Class"
   ]
  },
  {
   "cell_type": "code",
   "execution_count": 21,
   "metadata": {},
   "outputs": [],
   "source": [
    "class RidgeRegression: \n",
    "    def __init__(self, penality): \n",
    "        self.penality = penality \n",
    "\n",
    "    def fit(self, X, y):\n",
    "        samples_nb = X.shape[0]\n",
    "        X_with_intercept = np.c_[np.ones((samples_nb, 1)), X]\n",
    "\n",
    "        identity_matrix = np.identity(X_with_intercept.shape[1]) \n",
    "        identity_matrix[0, 0] = 0  # Do not regularise the intercept\n",
    "\n",
    "        # Calculation of the matrices A and B for Ridge's solution\n",
    "        A = X_with_intercept.T.dot(X_with_intercept) + self.penality * identity_matrix\n",
    "        B = X_with_intercept.T.dot(y)\n",
    "        \n",
    "        # Display for debugging\n",
    "        print('A matrix:\\n', A)\n",
    "        print('B vector:\\n', B)\n",
    "\n",
    "        self.thetas = np.linalg.solve(A, B)  # Solve for the parameters\n",
    "        return self\n",
    "\n",
    "    def predict(self, X): \n",
    "        samples_nb = X.shape[0]\n",
    "        X_with_intercept = np.c_[np.ones((samples_nb, 1)), X]\n",
    "        predictions = X_with_intercept.dot(self.thetas)  # Calculate predictions\n",
    "        return predictions  \n"
   ]
  },
  {
   "cell_type": "markdown",
   "metadata": {},
   "source": [
    "### Run and Test the Model"
   ]
  },
  {
   "cell_type": "code",
   "execution_count": 22,
   "metadata": {},
   "outputs": [],
   "source": [
    "def runAndTestRidgeRegression(): \n",
    "\n",
    "    # Load the pre-processed data \n",
    "    ozone_data = load_and_preprocess_ozone()\n",
    "\n",
    "    # Split the dataset into training and testing set (80% | 20%)\n",
    "    n = int(0.8 * ozone_data.shape[0])  \n",
    "    train = ozone_data.iloc[:n]\n",
    "    test = ozone_data.iloc[n:]\n",
    "\n",
    "    # Separation of features and target\n",
    "    X_train = train.drop('maxO3', axis=1).copy()\n",
    "    y_train = train['maxO3']\n",
    "    X_test = test.drop('maxO3', axis=1).copy()\n",
    "    y_test = test['maxO3']\n",
    "\n",
    "    # Creation and fitting of the Ridge regression model\n",
    "    model = RidgeRegression(penality=1.0)\n",
    "    model.fit(X_train.values, y_train.values)\n",
    "\n",
    "    # Predictions on test data\n",
    "    predictions = model.predict(X_test.values)\n",
    "    print('Predictions:', predictions)\n",
    "    print('True values:', y_test.values) \n"
   ]
  },
  {
   "cell_type": "code",
   "execution_count": 23,
   "metadata": {},
   "outputs": [
    {
     "name": "stdout",
     "output_type": "stream",
     "text": [
      "A matrix:\n",
      " [[1108.          -33.42619372  -29.86808102  -33.03345812  -35.10865473\n",
      "   -25.71411859  -20.32004406    7.62977659   12.45823083    4.95345032\n",
      "     6.91500477  -15.62813991   -8.25006219  -21.16908129    3.09051798\n",
      "   -38.45683042    4.17098178  -12.47998843   -3.09714594  -46.32157692\n",
      "    -5.87459005   13.91871694]\n",
      " [ -33.42619372 1148.41281335  957.64865717  827.16052627  783.01481782\n",
      "   796.87912047  169.92063888   56.39156758  -46.8656516   -81.85736034\n",
      "   -38.65650715   56.10324075   96.76682744  102.67354304  -51.30156829\n",
      "    92.13826248  -83.66640991   83.96585761  -35.84941509   49.52776089\n",
      "    -3.62804977 -111.73863596]\n",
      " [ -29.86808102  957.64865717 1168.79226213 1093.64359452 1037.7530118\n",
      "  1027.87276653 -293.90508182 -412.96730991 -409.90272615 -360.85840966\n",
      "  -265.87325556   -1.73123829 -241.13346036  -52.90731663 -213.4997299\n",
      "   -77.32053605 -178.12934221  -59.80437065 -126.88006948 -100.66508852\n",
      "   -31.81108638  135.373742  ]\n",
      " [ -33.03345812  827.16052627 1093.64359452 1171.11046276 1118.07094654\n",
      "  1086.39878932 -354.77824073 -521.34897572 -583.88387471 -495.15472546\n",
      "  -357.96042114  -40.68312892 -358.18413098 -107.80647404 -360.99641796\n",
      "  -156.89358623 -287.91538175 -126.2421271  -235.2160075  -178.0691897\n",
      "  -106.62776766  244.90273081]\n",
      " [ -35.10865473  783.01481782 1037.7530118  1118.07094654 1157.68204705\n",
      "  1115.69387629 -346.3876844  -514.7981411  -603.79060578 -592.96475252\n",
      "  -438.02083815  -71.26851014 -377.52955605 -121.84400483 -396.06111999\n",
      "  -178.3107793  -351.25696374 -150.9469807  -283.93563084 -207.83880396\n",
      "  -136.67222538  296.02806891]\n",
      " [ -25.71411859  796.87912047 1027.87276653 1086.39878932 1115.69387629\n",
      "  1151.52235764 -302.53393475 -464.76964362 -550.73776569 -540.86191608\n",
      "  -446.97619356  -69.01842423 -369.32191569 -131.78427353 -405.84862584\n",
      "  -186.28952519 -364.81323896 -167.15509817 -329.01402642 -208.72000601\n",
      "  -183.49072071  300.16036128]\n",
      " [ -20.32004406  169.92063888 -293.90508182 -354.77824073 -346.3876844\n",
      "  -302.53393475 1124.31969567  783.17371019  614.76032664  479.62031604\n",
      "   393.77388965   81.81519134  279.73724961  218.08310637   45.34030278\n",
      "   211.30167714    4.32758745  199.52077186    8.83033411  217.57737896\n",
      "   -72.61562659 -319.44119888]\n",
      " [   7.62977659   56.39156758 -412.96730991 -521.34897572 -514.7981411\n",
      "  -464.76964362  783.17371019 1110.38178231  857.44265575  673.01363386\n",
      "   534.80993579   89.96152515  319.27198131  272.00103574  143.72994351\n",
      "   324.12905236   90.44320241  306.5080206    99.13666732  276.95759221\n",
      "   -36.79812744 -445.05740018]\n",
      " [  12.45823083  -46.8656516  -409.90272615 -583.88387471 -603.79060578\n",
      "  -550.73776569  614.76032664  857.44265575 1121.52073049  863.72668157\n",
      "   648.89574253  120.48845215  265.76678047  255.46481001  156.41809915\n",
      "   298.21112009  102.34925946  278.23400201   98.55014533  269.40549508\n",
      "   -15.81862738 -442.97903456]\n",
      " [   4.95345032  -81.85736034 -360.85840966 -495.15472546 -592.96475252\n",
      "  -540.86191608  479.62031604  673.01363386  863.72668157 1139.12881635\n",
      "   817.85463983  119.78633531  210.87885822  217.24656073  150.77616653\n",
      "   277.41439974   91.67486177  237.50354063   71.37423817  237.7377403\n",
      "   -63.55664028 -419.81236463]\n",
      " [   6.91500477  -38.65650715 -265.87325556 -357.96042114 -438.02083815\n",
      "  -446.97619356  393.77388965  534.80993579  648.89574253  817.85463983\n",
      "  1109.43934134   60.13139657  215.02010154  160.17039863  151.76313163\n",
      "   206.99620988  104.99589823  209.02379106   69.93662247  233.74689291\n",
      "   -56.98318385 -342.02496544]\n",
      " [ -15.62813991   56.10324075   -1.73123829  -40.68312892  -71.26851014\n",
      "   -69.01842423   81.81519134   89.96152515  120.48845215  119.78633531\n",
      "    60.13139657 1123.70859474  124.94721303  374.81081621   -8.05192079\n",
      "   385.94772348    7.88426014  337.69116687   16.96648742  222.48244957\n",
      "    79.13126736 -384.01715303]\n",
      " [  -8.25006219   96.76682744 -241.13346036 -358.18413098 -377.52955605\n",
      "  -369.32191569  279.73724961  319.27198131  265.76678047  210.87885822\n",
      "   215.02010154  124.94721303 1117.80995119   83.30653892  756.10458231\n",
      "    62.70138108  673.96580261   68.88509728  555.89000395  206.03969271\n",
      "   368.8660174  -268.22485459]\n",
      " [ -21.16908129  102.67354304  -52.90731663 -107.80647404 -121.84400483\n",
      "  -131.78427353  218.08310637  272.00103574  255.46481001  217.24656073\n",
      "   160.17039863  374.81081621   83.30653892 1106.14062837   67.39415475\n",
      "   562.68249042   38.42285602  547.95603943   22.21743919  319.47474632\n",
      "   -17.23004703 -605.3768721 ]\n",
      " [   3.09051798  -51.30156829 -213.4997299  -360.99641796 -396.06111999\n",
      "  -405.84862584   45.34030278  143.72994351  156.41809915  150.77616653\n",
      "   151.76313163   -8.05192079  756.10458231   67.39415475 1131.23497372\n",
      "    13.20416828  871.39701406   19.98807812  720.79764826  183.27144416\n",
      "   490.64495229 -204.25275091]\n",
      " [ -38.45683042   92.13826248  -77.32053605 -156.89358623 -178.3107793\n",
      "  -186.28952519  211.30167714  324.12905236  298.21112009  277.41439974\n",
      "   206.99620988  385.94772348   62.70138108  562.68249042   13.20416828\n",
      "  1130.64228582  -16.80995123  631.44310662  -11.87334033  407.52328852\n",
      "   -43.40075462 -755.60281343]\n",
      " [   4.17098178  -83.66640991 -178.12934221 -287.91538175 -351.25696374\n",
      "  -364.81323896    4.32758745   90.44320241  102.34925946   91.67486177\n",
      "   104.99589823    7.88426014  673.96580261   38.42285602  871.39701406\n",
      "   -16.80995123 1125.13879021    2.87774553  820.93144285  189.66579402\n",
      "   559.80574833 -234.23377053]\n",
      " [ -12.47998843   83.96585761  -59.80437065 -126.2421271  -150.9469807\n",
      "  -167.15509817  199.52077186  306.5080206   278.23400201  237.50354063\n",
      "   209.02379106  337.69116687   68.88509728  547.95603943   19.98807812\n",
      "   631.44310662    2.87774553 1116.81386512   28.59513021  524.54965187\n",
      "   -52.33036026 -641.3241968 ]\n",
      " [  -3.09714594  -35.84941509 -126.88006948 -235.2160075  -283.93563084\n",
      "  -329.01402642    8.83033411   99.13666732   98.55014533   71.37423817\n",
      "    69.93662247   16.96648742  555.89000395   22.21743919  720.79764826\n",
      "   -11.87334033  820.93144285   28.59513021 1132.95906395  201.87001516\n",
      "   662.99163083 -171.5170086 ]\n",
      " [ -46.32157692   49.52776089 -100.66508852 -178.0691897  -207.83880396\n",
      "  -208.72000601  217.57737896  276.95759221  269.40549508  237.7377403\n",
      "   233.74689291  222.48244957  206.03969271  319.47474632  183.27144416\n",
      "   407.52328852  189.66579402  524.54965187  201.87001516 1114.89663518\n",
      "    40.80709506 -523.02339197]\n",
      " [  -5.87459005   -3.62804977  -31.81108638 -106.62776766 -136.67222538\n",
      "  -183.49072071  -72.61562659  -36.79812744  -15.81862738  -63.55664028\n",
      "   -56.98318385   79.13126736  368.8660174   -17.23004703  490.64495229\n",
      "   -43.40075462  559.80574833  -52.33036026  662.99163083   40.80709506\n",
      "  1105.16256906  -46.68259603]\n",
      " [  13.91871694 -111.73863596  135.373742    244.90273081  296.02806891\n",
      "   300.16036128 -319.44119888 -445.05740018 -442.97903456 -419.81236463\n",
      "  -342.02496544 -384.01715303 -268.22485459 -605.3768721  -204.25275091\n",
      "  -755.60281343 -234.23377053 -641.3241968  -171.5170086  -523.02339197\n",
      "   -46.68259603 1131.74475475]]\n",
      "B vector:\n",
      " [ 93013.            526.71610546   8656.66228269  11465.81535132\n",
      "  11266.47237738  10806.70145711 -12483.6262986  -14140.38017752\n",
      " -13910.23710398 -12308.40782901  -8574.35210783  -3870.84311921\n",
      "  -6528.40158101  -7838.58624626  -5048.76004077 -11090.87804032\n",
      "  -3207.61646877  -7151.40325676  -2760.92105507  -8975.39135412\n",
      "    123.6454197   11685.64156306]\n",
      "Predictions: [ 93.68185273 105.90291173 116.23665522 112.79096976 132.75735167\n",
      "  81.31575004  81.25752071  80.38732414  96.52591047  88.38214978\n",
      "  91.27467663 116.96280546 117.7888341   62.96702546  65.90506483\n",
      " 107.20485309  65.76265524  81.26647551  90.49596383  73.42039673\n",
      "  78.57733087  67.79588025  60.68012546  76.40369297  84.9901083\n",
      "  89.0485901   88.02171519  65.89873725  76.70988098  85.38831341\n",
      "  77.25349462  88.13042548  91.76988825  92.90302561 110.59314756\n",
      " 114.91153946 107.98490751  96.6018773  102.19595812 116.61343645\n",
      " 106.13867416 116.41345123  77.03367393  75.90408262  74.35738121\n",
      "  64.64678123  75.03381262  74.97061729  77.44162908  76.61292519\n",
      "  86.82462465 100.76931916 101.36310438  74.35646968 115.5860715\n",
      "  85.68230649  83.32408329  69.40255319  80.05865913 110.70561946\n",
      "  97.25520576 101.48803382 105.04838679 127.06460161  73.43677344\n",
      "  96.42739242 105.99059974  66.31686834  67.10307444  81.67454616\n",
      "  88.52911407  92.45851167  67.54249734  80.02593758  91.16604056\n",
      "  73.67807219  87.80905189  66.68188371  96.14102585  94.44245288\n",
      "  67.71796722  81.25379551  72.33349808  84.19715402  82.85460877\n",
      "  61.32249598  63.44331103  71.54612248 100.77966608 104.258261\n",
      "  94.61099864  78.49901008  83.55529547  82.42582671  94.39887735\n",
      "  74.47116811  80.18318691  68.47418138  90.16400494  64.2250479\n",
      "  72.54720404  69.06850858  98.19702519  83.72204429 108.66792652\n",
      " 102.79852567 102.88968402  84.43117955  69.36326284  72.68536616\n",
      "  65.11813977  72.82636729  85.89755432  81.31648325  78.30450483\n",
      "  76.66226353  73.20929006  89.05797205 103.90915505  76.99911188\n",
      "  90.44141529  70.00607486  70.73165154  71.85304227  76.12326525\n",
      "  72.01585399  65.93832698  71.53244545  60.87987005  82.63871821\n",
      "  73.60498535  82.30661333  74.70906051 105.12865536  90.83155946\n",
      "  60.06439656  70.63797132  66.64128823  83.62371481  68.36527613\n",
      "  71.78213466  81.32091082 107.97216773  87.04328148  83.00339352\n",
      "  81.04976711  84.41284326  78.62522378  75.35366631  72.45175763\n",
      "  82.54486006  75.95311055  73.69234026  60.18589236  66.03997266\n",
      "  72.58792287  79.24065143 104.28659504 111.7220788   95.15553822\n",
      "  85.56826844  64.09611626  63.18962188  78.20041469  79.87501909\n",
      "  79.62372388  56.49072731  68.16533698  64.49421907  67.7597421\n",
      "  70.06319875  96.21436471  76.22479417  92.47837468 108.57063153\n",
      "  85.45871774  77.13158418  82.94714481  84.71278369  71.12581148\n",
      "  89.58736722  88.45615568 105.38059215  97.37398545  88.51437414\n",
      "  85.51806846  91.42154962  81.77744624  60.88743992  73.57326906\n",
      "  58.322348    75.09775     69.15963729  62.53934144  70.38872209\n",
      "  68.12451192  78.2242799   78.0794192   83.59366787  75.22639431\n",
      "  86.29579997 100.11885996 102.30493269 106.20450538  93.05791336\n",
      " 108.48518777 114.2884042  105.36131949  84.09123387 105.92327426\n",
      " 103.33198446  80.4374503   69.67438537  75.00200014 103.95536287\n",
      " 104.83297412 102.28184637  67.65809468  67.42488807  63.98304065\n",
      "  84.64090678  83.27194365  80.09624679  86.67653416  91.18709927\n",
      "  63.21606558  82.56304253  65.95372765  72.58447014  62.13888645\n",
      "  72.65942429 103.80013244 114.5775195  108.88646081  94.05912246\n",
      "  88.43512243  92.26548017  80.70772128  78.88012016  93.72489461\n",
      "  91.18788878 102.01416112 104.60734585 101.07434334  67.83214291\n",
      "  70.08721377  83.70453984  81.91141786 104.25394495  98.04469709\n",
      " 101.24238393 112.72751895  98.01443927  81.63413259  82.60117199\n",
      "  72.99081749  67.98817542  67.34721872  75.76542008  89.12130162\n",
      "  95.76777534 102.37207133 114.0590078  116.75435684  89.83383293\n",
      " 112.5917885  110.66151378  96.38706821 104.632215   102.29784714\n",
      "  88.12945811  95.70200271  99.38496639  78.28527185  82.83809843\n",
      " 109.03122194  98.06321647 100.35179295]\n",
      "True values: [ 81. 121. 146. 121. 146. 108.  83.  57.  81.  67.  70. 106. 139.  79.\n",
      "  93.  97. 113.  72.  88.  77.  71.  56.  45.  67.  67.  84.  63.  69.\n",
      "  92.  88.  66.  72.  81.  83. 149. 153. 159. 149. 160. 156.  84. 126.\n",
      " 116.  77.  63.  54.  65.  72.  60.  70.  77.  98. 111.  75. 116. 109.\n",
      "  86.  67.  76. 113. 117. 131. 166. 159. 100. 114. 112. 101.  76.  59.\n",
      "  78.  76.  55.  71.  66.  59.  68.  63.  62.  78.  74.  71.  69.  71.\n",
      "  60.  42.  65.  71.  96.  98.  92.  76.  84.  77.  99.  83.  70. 109.\n",
      "  96.  73.  84.  78. 116.  92. 103. 100. 116. 103.  96. 103.  99.  91.\n",
      "  93. 100.  82.  93.  91. 116. 125.  73. 108.  85.  97.  89. 102.  88.\n",
      "  84.  85.  77.  91. 102.  96.  82. 104. 112.  88. 116.  95. 101.  88.\n",
      "  89.  99. 121. 113.  95.  82.  73.  97.  80.  83.  92.  85.  96.  71.\n",
      "  98.  83.  99. 108. 125. 144. 105.  73.  86.  87.  96.  73.  76.  71.\n",
      "  59.  57.  59. 104.  77. 102. 138.  97.  70.  76.  87.  64.  80.  78.\n",
      "  77.  92.  78.  85.  90.  66.  64.  62.  72.  83.  59.  73.  67.  57.\n",
      "  75.  63.  69.  70.  74. 103. 117. 136. 111. 115. 149. 150.  84.  99.\n",
      "  95.  79.  56.  57.  98.  91.  89.  60.  68.  63.  85.  84.  92.  87.\n",
      " 118.  79.  70.  63.  65.  70.  67.  91. 114. 122. 111.  94.  74.  84.\n",
      "  69.  87.  91.  99. 111. 106.  67.  84. 104.  75. 106.  74.  84.  87.\n",
      " 107. 110. 100.  62.  64.  66.  70.  73.  79.  95.  99. 122.  97. 101.\n",
      " 103.  95.  97.  88.  73.  83.  79.  76.  79.  91.  89.  99.]\n"
     ]
    }
   ],
   "source": [
    "# Execution of the function to test the model\n",
    "runAndTestRidgeRegression()"
   ]
  },
  {
   "cell_type": "markdown",
   "metadata": {},
   "source": [
    "### Ridge Regression Performance Evaluation"
   ]
  },
  {
   "cell_type": "code",
   "execution_count": 24,
   "metadata": {},
   "outputs": [
    {
     "ename": "NameError",
     "evalue": "name 'y_test' is not defined",
     "output_type": "error",
     "traceback": [
      "\u001b[1;31m---------------------------------------------------------------------------\u001b[0m",
      "\u001b[1;31mNameError\u001b[0m                                 Traceback (most recent call last)",
      "Cell \u001b[1;32mIn[24], line 2\u001b[0m\n\u001b[0;32m      1\u001b[0m \u001b[38;5;66;03m# Metrics calculation\u001b[39;00m\n\u001b[1;32m----> 2\u001b[0m mse \u001b[38;5;241m=\u001b[39m mean_squared_error(\u001b[43my_test\u001b[49m\u001b[38;5;241m.\u001b[39mvalues, predictions)\n\u001b[0;32m      3\u001b[0m rmse \u001b[38;5;241m=\u001b[39m np\u001b[38;5;241m.\u001b[39msqrt(mse)\n\u001b[0;32m      4\u001b[0m r2 \u001b[38;5;241m=\u001b[39m r2_score(y_test\u001b[38;5;241m.\u001b[39mvalues, predictions)\n",
      "\u001b[1;31mNameError\u001b[0m: name 'y_test' is not defined"
     ]
    }
   ],
   "source": [
    "# Metrics calculation\n",
    "mse = mean_squared_error(y_test.values, predictions)\n",
    "rmse = np.sqrt(mse)\n",
    "r2 = r2_score(y_test.values, predictions)\n",
    "\n",
    "print(f'Mean Squared Error (MSE): {mse}')\n",
    "print(f'Root Mean Squared Error (RMSE): {rmse}')\n",
    "print(f'R2 Score (R²): {r2}')"
   ]
  }
 ],
 "metadata": {
  "kernelspec": {
   "display_name": "Python 3",
   "language": "python",
   "name": "python3"
  },
  "language_info": {
   "codemirror_mode": {
    "name": "ipython",
    "version": 3
   },
   "file_extension": ".py",
   "mimetype": "text/x-python",
   "name": "python",
   "nbconvert_exporter": "python",
   "pygments_lexer": "ipython3",
   "version": "3.11.9"
  }
 },
 "nbformat": 4,
 "nbformat_minor": 2
}
